DEG2RAD: 0.017453292519943295
RAD2DEG: 57.29577951308232
STD_GRAVITY_ACCEL: 9.80665
