BALL_MASS: 0.039
BALL_RADIUS: 0.01905
DAMP: 0.01
DAMP_SCALED: 0.18315018315018317
GRAVITY: 9.80665
GRAVITY_SCALED: 7.0047500000000005
MASS_SCALE: 1.4
MOTOR_SPEED: 6.544984694978735
TRANSITION_RATE: 100.0
